100
501 781
122 483
625 931
3 10
436 871
215 302
1 121
384 742
200 893
187 764
122 1000
223 446
1 221
415 470
303 742
3 65
121 121
1 9
280 984
7 302
1 109
3 109
73 376
1 1
65 584
484 485
8 302
20 961
1 302
570 859
46 737
7 9
1 4
9 122
3 9
3 6
25 233
250 898
121 484
1 1000
21 221
366 777
65 121
7 122
9 121
1 122
853 976
1 5
747 772
120 742
1 2
21 742
217 488
65 302
404 804
5 147
10 120
4 9
448 849
1 104
9 65
3 104
312 872
7 221
262 689
176 759
228 819
121 122
1 6
3 5
121 302
8 485
121 742
7 109
820 934
120 221
33 785
495 922
100 1000
1 101
4 10
4 4
120 484
179 743
65 122
121 221
65 485
1 742
1 484
444 936
8 122
282 720
587 903
1 584
65 484
1 485
21 584
330 865
1 65
21 302
